v1.0.0

left
4 5
 0.8338228784688313    0.17751233164292596   0.14350670130765417  -0.15484191141941145    0.0                
 0.1813404047323969    1.1246711188154426   -0.2933634518280757   -0.012648071719763686   0.0                
-0.13311427062823994   0.7930714675884345    0.31319987670785077   0.026842926331954644   0.0                
 0.09690785566330458  -0.1539344946680898    0.44864912028443893   0.6768738207821733    -0.06849630206182696

right
4 5
-0.06849630206182696   0.6768738207821733     0.44864912028443893  -0.1539344946680898    0.09690785566330458
 0.0                   0.026842926331954644   0.31319987670785077   0.7930714675884345   -0.13311427062823994
 0.0                  -0.012648071719763686  -0.2933634518280757    1.1246711188154426    0.1813404047323969 
 0.0                  -0.15484191141941145    0.14350670130765417   0.17751233164292596   0.8338228784688313 

interior
4 -2
-0.0625 0.5625 0.5625 -0.0625
