v1.0.0

left
4 6
 1.021634663287431      0.2819848069393812    -0.6180562720973399     0.31443680187052775   0.0                  0.0
 0.042239016673327356   0.3396410147129031     0.7151204288908755    -0.09700046027710588   0.0                  0.0
 0.07303948488311952   -0.1894963474067583     0.6040719793238264     0.6047068864817039   -0.09232200328189148  0.0
-0.048777201969098134  -0.005056639538068934   0.032043489806347844   0.5646621164922883    0.5142692646095974  -0.05714102940106638

right
4 6
-0.05714102940106638   0.5142692646095974    0.5646621164922883    0.032043489806347844  -0.005056639538068934  -0.048777201969098134
 0.0                  -0.09232200328189148   0.6047068864817039    0.6040719793238264    -0.1894963474067583     0.07303948488311952 
 0.0                   0.0                  -0.09700046027710588   0.7151204288908755     0.3396410147129031     0.042239016673327356
 0.0                   0.0                   0.31443680187052775  -0.6180562720973399     0.2819848069393812     1.021634663287431 

interior
4 -1
-0.0625 0.5625 0.5625 -0.0625
